-01 -01 -01 -01 -01 -01 -01 -01 -01 -01 -01 -01 -01 -01 -01 -01 -01 -01 -01
-01 000 001 002 003 004 005 006 007 -01 008 009 010 011 012 013 014 015 -01
-01 016 -01 -01 017 -01 -01 -01 018 -01 019 -01 -01 -01 020 -01 -01 021 -01
-01 022 -01 -01 023 -01 -01 -01 024 -01 025 -01 -01 -01 026 -01 -01 027 -01
-01 028 029 030 031 032 033 034 035 036 037 038 039 040 041 042 043 044 -01
-01 045 -01 -01 046 -01 047 -01 -01 -01 -01 -01 048 -01 049 -01 -01 050 -01
-01 051 052 053 054 -01 055 056 057 -01 058 059 060 -01 061 062 063 064 -01
-01 -01 -01 -01 065 -01 -01 -01 179 -01 180 -01 -01 -01 066 -01 -01 -01 -01
-01 -01 -01 -01 067 -01 171 172 173 174 175 176 178 -01 068 -01 -01 -01 -01
-01 -01 -01 -01 069 -01 169 -01 -01 -03 -01 -01 170 -01 070 -01 -01 -01 -01
181 182 183 184 071 189 167 -01 -20 -21 -22 -01 168 190 072 185 186 187 188
-01 -01 -01 -01 073 -01 165 -01 -01 -01 -01 -01 166 -01 074 -01 -01 -01 -01
-01 -01 -01 -01 075 -01 158 159 160 161 162 163 164 -01 076 -01 -01 -01 -01
-01 -01 -01 -01 077 -01 156 -01 -01 -01 -01 -01 157 -01 078 -01 -01 -01 -01
-01 079 080 081 082 083 084 085 086 -01 087 088 089 090 091 092 093 094 -01
-01 095 -01 -01 096 -01 -01 -01 097 -01 098 -01 -01 -01 099 -01 -01 100 -01
-01 101 102 -01 103 104 105 106 107 155 108 109 110 111 112 -01 113 114 -01
-01 -01 115 -01 116 -01 117 -01 -01 -01 -01 -01 117 -01 118 -01 119 -01 -01
-01 120 121 122 123 -01 124 125 126 -01 127 128 129 -01 130 131 132 133 -01
-01 134 -01 -01 -01 -01 -01 -01 135 -01 136 -01 -01 -01 -01 -01 -01 137 -01
-01 138 139 140 141 142 143 144 145 146 147 148 149 150 151 152 153 154 -01
-01 -01 -01 -01 -01 -01 -01 -01 -01 -01 -01 -01 -01 -01 -01 -01 -01 -01 -01